4 6
0 0 0 0 0 0
0 0 0 0 0 0
0 0 1 0 6 0
0 0 0 0 0 0
20
6 6
0 0 0 0 0 0
0 2 0 0 0 0
0 0 0 0 6 0
0 6 0 0 2 0
0 0 0 0 0 0
0 0 0 0 0 5
15
6 6
1 0 0 0 0 0
0 1 0 0 0 0
0 0 1 0 0 0
0 0 0 1 0 0
0 0 0 0 1 0
0 0 0 0 0 1
6
6 6
1 0 0 0 0 0
0 1 0 0 0 0
0 0 1 5 0 0
0 0 5 1 0 0
0 0 0 0 1 0
0 0 0 0 0 1
2
1 7
0 1 2 3 4 5 6
0
3 7
4 0 0 0 0 0 0
0 0 0 2 0 0 0
0 0 0 0 0 0 4
0
5 5
6 0 6 6 0
6 4 2 0 0
2 6 0 4 6
6 6 0 6 6
0 0 0 6 6
correct = 3, wrong = 5
4 6
2 6 0 3 0 2
0 0 0 0 0 0
0 0 0 0 0 0
0 0 0 0 6 1
correct = 8, wrong = 11
5 5
0 0 0 0 0
6 2 0 0 4
0 0 0 4 0
5 0 0 5 0
6 0 0 0 0
correct = 3, wrong = 5
6 5
2 2 6 0 5
0 6 6 0 4
6 6 0 0 0
2 6 4 6 0
6 3 0 0 6
6 4 0 6 6
correct = 1, wrong = 2
5 6
0 3 0 0 0 0
0 0 0 0 0 0
6 0 0 2 2 0
6 1 2 0 6 6
0 0 6 0 6 6
correct = 5, wrong = 8
4 5
0 0 0 6 0
6 0 6 0 0
2 6 0 0 0
0 0 6 0 3
correct = 8, wrong = 9
4 4
0 4 0 2
0 0 0 2
0 0 0 0
3 5 0 0
correct = 1, wrong = 2
5 5
2 0 6 3 4
0 0 6 0 0
0 0 6 0 5
6 0 3 4 2
0 5 0 0 0
correct = 0, wrong = 2
3 6
0 5 5 0 2 0
0 0 2 0 0 3
0 0 0 0 0 0
correct = 2, wrong = 3
5 4
6 6 6 6
6 0 6 6
6 2 6 0
6 0 6 6
6 6 6 6
correct = 1, wrong = 3
4 5
0 6 0 6 4
6 6 6 0 0
0 0 6 3 4
0 6 0 0 0
correct: 7, wrong: 6
4 3
0 0 0
3 0 0
0 2 2
0 1 6
correct: 1, wrong: 0
5 5
1 4 0 5 0
0 0 0 0 0
4 0 0 0 3
5 6 3 0 0
0 0 0 0 0
correct: 3, wrong: 1
5 3
0 6 6
1 0 0
6 0 0
6 6 3
0 0 0
correct: 5, wrong: 4
5 5
6 6 6 6 6
6 0 6 3 0
0 0 0 0 6
6 6 0 6 2
0 0 2 6 0
correct: 5, wrong: 6
3 3
3 0 0
0 0 0
0 0 0
correct: 4, wrong: 6
3 3
6 6 6
6 6 6
0 6 6
correct: 1, wrong: 64
1 6
0 6 5 6 0 0
correct: 3
3 1
6
5
0
correct answer: 0
3 3
0 5 0
6 0 0
6 0 0
correct answer: 2
3 3
6 0 0
0 3 0
5 0 6
correct answer: 1
2 3
0 2 6
5 0 0
correct answer: 0
2 3
5 0 4
0 6 1
correct answer: 0
8 8
0 0 0 0 0 0 0 0
0 0 0 0 0 0 0 0
0 0 0 0 0 0 0 0
0 0 0 0 0 0 0 0
0 0 0 0 0 0 0 0
0 0 0 0 0 0 0 0
0 0 0 0 0 0 0 0
0 0 0 0 0 0 0 0
answer : 64
2 4
1 1 0 5
0 0 0 0
answer: 1
8 8
0 0 0 0 0 0 0 1
0 0 0 0 0 0 1 0
0 0 0 1 0 0 0 0
0 0 0 0 0 1 0 0
1 0 0 0 0 0 0 0
0 0 1 0 0 0 0 0
0 0 0 0 1 0 0 0
0 1 0 0 0 0 0 0
answer: 12
7 5
0 6 6 6 6
6 0 6 4 6
6 6 1 2 6
6 0 1 6 0
6 6 0 0 6
0 6 0 6 6
3 0 6 0 0
6
1 5
0 5 6 0 0
2